0.0 0.0 22.0 8.485281374238571 8.485281374238571 -0.3823125654443963
1.5612511283791264e-16 0.999977738200216 21.000074205668884 8.504217386405992 8.466471293620181 0.0013283505440122088
-0.002224187840697127 1.9999752644226299 20.000073862760928 8.507303845000088 8.463397905213938 0.3891785426450664
-0.004440596540258011 2.9999497395501162 19.0000502820397 8.491156546499305 8.479405661074956 0.7551057255829382
-0.004392928818576893 3.999862895581408 18.000314576453476 8.454036513732998 8.516973032561337 1.0695720439469993
4.686874982356287e-05 4.999678804192277 17.001287666767606 24.302594699552255 8.577291308207926 15.976010744624816
0.010297628585540397 5.96100117155774 16.12368537131221 38.65796089365159 9.524805459866652 13.745979797427944
0.1097233348590099 6.9272580422198535 15.325378309565153 36.304863184976284 10.76437858175228 17.63864786542454
0.2820477551746086 7.864534708589364 14.72104953993812 33.90789709367615 13.046113134035346 20.204116144933476
0.544105757078835 8.765671874818782 14.35875509244702 31.80849000634716 14.291333016029954 21.03053277805889
0.9061917971116411 9.62596794208259 14.244836069689708 30.16346412594672 12.828972730879961 22.42392703264499
1.3641282603229543 10.428953110748472 14.488681770110544 28.917232786698573 11.684737923262693 22.635148833865387
1.919598949304898 11.166064946419443 15.156152507109 28.082090697787113 10.83458695049703 22.101690211564392
2.5675196455624576 11.828359071685151 16.3670251308313 15.964486680462192 10.23901181425586 10.416023728672277
3.3380460604046807 12.439589386281279 16.681097264389322 14.005601730487212 9.708832968666481 9.163528990222401
4.147053485067937 13.005403429166627 30.460590095161834 13.285674320772937 9.233962436981928 3.050329329828882
4.994585242762897 13.533473766279087 29.144492660330926 14.513798712214973 8.729170374874414 4.8354123755024
5.849512434179976 14.045327325189128 27.69311810214682 14.948780170146767 8.262978037970102 6.807643026081236
6.715439463683041 14.531248610542885 26.14097074620112 14.690902477878614 7.851561375381959 8.896317021322552
7.59545432763249 14.98031228285559 24.540101131790106 13.947928493557237 7.515084564077178 10.680158011783327
8.492615769791733 15.381255549068484 22.967220668500918 12.995506332805093 7.271445212551706 11.487902181789595
9.410294157869417 15.725059655140432 21.49994590169488 12.088377398001898 7.124623926120663 10.985731934774359
10.350407810397604 16.007675076539332 20.173779687804156 11.365476314426449 7.059117230085236 9.455197185882689
11.311191570557586 16.23107573889174 18.974245114803516 10.850235782754632 7.0467992830754875 7.385710959713679
12.287976258590485 16.40244380246733 17.864651474912943 10.515948025559295 7.056045622686925 5.142698865196472
13.27544163129773 16.53235694750414 16.81010287215942 10.331710535537105 7.057263971971597 2.95341202563933
14.269031275770178 16.63297951963101 15.786302293802883 10.276109731745658 24.37112316092862 -10.875368407340645
15.247628979906409 16.715131374155302 14.912515611365153 11.263919431314482 24.74553502121103 -10.69369486372697
16.219709764298546 16.858752397263512 14.085573408021494 12.576511262454513 25.26814868230805 -10.29530032754021
17.182284950095795 17.06248661870168 13.292894948624925 14.283270628079292 25.922724215375947 -10.197008081622345
18.131307523079446 17.32328414587732 12.533788280029555 13.233533219724093 26.833763320851286 -13.336372398635088
19.0527069340155 17.636039062872612 11.906756476234703 11.793876926836262 29.4253705985785 -20.738937648958252
19.91255049183033 18.003836321639962 11.640669276050797 10.446351487728917 33.134557131845455 -26.338865804016187
20.689157704953065 18.451083453372416 11.887700961832872 9.372158557001985 31.756680953978787 -26.043025894418655
21.39286502681869 19.00968406587345 12.58700598781329 8.611661655109913 31.00661442410467 -25.31561399104061
22.011007089288555 19.669271071629204 13.946593782590599 8.113546922805256 22.979370633638585 -17.804155475504327
22.556400318822476 20.44969043450406 15.306539028910999 7.739795257763327 16.629439726549663 -21.807179436121277
23.007902147935578 21.260952170948336 18.67750090995132 7.596798032113878 12.808702934586266 -15.61439139403975
23.368445801102915 22.154014449685192 22.894810446984497 7.522094918865374 11.374341903364162 -8.0916094160974
23.655215255906608 23.101617192620154 25.95781694443318 7.39059487037406 11.027619730105508 -5.294401100602718
23.89859920950229 24.067148078664122 26.55076796202705 7.243609369955996 10.9438906947546 -4.839224417173886
24.112320929308872 25.04039337860579 25.40748693661194 7.120823149523708 10.867153214732799 -5.055291528127931
24.29852967617361 26.018944188865223 24.28611357026052 7.039302748340344 10.739154112001746 -5.089722377715202
24.455907349812378 27.002489716700172 23.190465840034314 6.997908153474361 10.580043838308988 -4.907621901260381
24.58416655865294 27.990533675563434 22.121240595226098 6.992438634120761 10.409079899087285 -4.514476093372348
24.684254644408185 28.982394027787205 21.075798991845883 7.015961666466049 10.241805070654038 -3.9538179416074133
24.758338496122274 29.977259421410544 20.04916046878638 7.059819753717031 10.088788274839374 -3.2929043533962328
24.80957407479507 30.97429277949587 19.035571663435473 7.115029727008891 9.955822566446578 -2.605333366010075
24.841730140186478 31.972741446990657 18.029876796680963 7.17368653802008 9.844868547938875 -1.957110956951913
24.858761701873263 32.972012985965705 17.028259603350932 7.230015393691536 9.755106865928955 -1.3982252730209832
24.864418272471276 33.971699228761295 16.028349884533636 7.280855682461546 9.683810439820068 -0.9593021673023063
24.861943080323933 34.9715560046013 15.028931711866901 7.325563836336912 9.62700812084654 -0.6522308416961877
24.853887385801208 35.971458762667346 14.029526382080638 7.365504203943124 9.58000554698111 -0.4734861698643802
24.84203731180363 36.9713543999113 13.03003533623168 7.403375518206122 9.537820884035341 -0.4087771068835657