22.0 8.485281374238571 8.485281374238571 0.9846683725213097
21.000492220781172 8.437089733254792 8.534308357119055 0.37062122578197965
20.00080667196083 8.41112520573595 8.561147922949644 0.12003625999062853
19.000918122332997 8.394293551092922 8.578475123656318 0.23230552727673642
18.001151594014793 8.371145329433556 8.602553837326138 0.5468099408545143
17.001820483295504 24.363766347401263 8.64484018539925 17.54049010110943
16.151305870651907 38.26723518235414 9.71367616234117 15.18120963481725
15.398535289052784 35.78097796115497 11.15746175563892 19.552345349427252
14.887775502265445 33.30623609784442 13.936986915289303 20.939509914221123
14.62153596063887 31.300587275504537 14.148802769176644 21.16395777004657
14.606311063561694 29.77996977389211 12.772807846025403 21.717404725387865
14.927721790434765 28.660667937923474 11.708002981795204 21.461367282072338
15.646374989032411 27.91112414619886 10.91420818280518 21.00130016531397
16.90924696318102 13.080802397294923 10.353845903090084 6.338298519171618
16.733109929181065 13.832711214247553 9.800252983985597 8.046032241959322
30.430120147512326 13.544523275733324 9.305022585570898 6.353907938902698
28.777406753631972 13.740651800825818 8.834783544631357 9.525892425506587
26.95740836110615 12.989085721033124 8.451923793392114 10.919268449520642
25.20421067236499 12.100348611570137 8.159784480584275 10.565415855138367
23.631758670126008 11.419341311349646 7.940082494451043 9.2493333906662
22.238763084324958 10.974859600322219 7.768570771561768 7.9228566348811205
20.973809697614044 10.681754507517848 7.63253947106509 7.05340523949401
19.788838531320796 10.453291806677196 7.5326348990443615 6.692351058448427
18.65397830627426 10.230540239908024 7.47748100759658 6.656072409008903
17.55539431649493 9.986083644291796 7.477261165359963 6.634518637160859
16.488578078114607 9.721313163891015 25.79438220639531 -12.076319919546252
15.653607824722283 10.808290655975766 26.576304959680158 -12.85402913163821
14.90430164151056 12.408026151693255 27.89611611800625 -15.021934916716742
14.29375716545487 15.047208623348709 30.549553253777155 -19.522896479099437
13.964416616885897 13.451375953753034 35.129265691796576 -24.649794458163374
14.110975042988734 12.084637206928054 33.36315158576489 -23.96614060011207
14.621313072082886 11.087220348848696 32.22888992596065 -22.58855647496934
15.547961631994676 10.37633374102431 29.233863116921476 -17.3805563859175
16.51604987074409 9.843419403753684 14.660933168193278 -11.572499411201449
17.149105570515704 9.379091258396809 12.911244123543137 -8.483058279405345
17.54976613954703 8.948672082741108 12.583023185433133 -8.461737465933576
18.162454015558403 8.571896023962722 12.251473042869495 -8.177839661972625
18.99183089608301 8.244002744421895 11.96388145356074 -7.736507782236412
20.052884197184216 7.959801699311006 11.726848674803966 -7.022818972205667
21.303110048662667 7.710076265968616 11.56049197654097 -5.975629597846513
22.60266753204109 7.481361872934519 11.488128571278025 -4.856344855867732
23.815084276261096 7.26347209667296 11.502512107090466 -4.07971602547274
23.466846583534746 7.056396995580933 11.558709907420175 -4.8450324304837755
22.322396567607857 6.894200359034549 11.493171256173653 -6.280944845563537
21.172690387223238 6.803997818487582 11.255067017153728 -7.434867749920034
20.0424556745239 6.797371597542083 10.897950567833096 -7.954631324677329
18.951873065955827 6.875568600540134 10.494085353780381 -7.622712093948231
17.906222032964905 7.024406984477138 10.10784170381688 -6.532299019000194
16.895079703499984 7.21651994040626 9.776492729912633 -5.043213790592683
15.901805410839902 7.421585911551736 9.50925651081325 -3.6004020252448727
14.913534250666823 7.619473343792797 9.295895785947398 -2.5593754289184427
13.924725075154054 7.8082206947521 9.115491636708398 -2.0782973278882513